

NSsites Model 0: one-ratio

TREE # 1

  0  0.0000   1208.695345  x:  0.04579   0.07124   0.11235   0.04906   0.05323   0.06929   0.03410   0.07987   0.05926   0.13042   0.03161   0.13310   0.00000   0.11710   0.05375   0.04245   0.02747   0.03207   0.03626   0.03895   0.03902   0.06766   0.13596   0.38487   1.26018  
  1 99.0000   1195.827752  x:  0.04018   0.07259   0.11639   0.03953   0.05499   0.07064   0.03142   0.08322   0.05508   0.13271   0.03874   0.14210   0.14201   0.13007   0.05855   0.04550   0.02630   0.04373   0.02953   0.05030   0.03666   0.06732   0.14191   0.40987   1.25936  
  2 816.7720   1182.134097  x:  0.01586   0.07863   0.13636   0.00739   0.04962   0.08555   0.02354   0.09711   0.05088   0.12884   0.04601   0.16618   0.13385   0.15856   0.05470   0.04673   0.02404   0.06783   0.00380   0.07904   0.02703   0.06555   0.16330   0.52839   1.25502  
  3 158.8152   1173.678136  x:  0.00291   0.08522   0.15960   0.01112   0.04515   0.10109   0.01799   0.11178   0.04681   0.12502   0.05179   0.19351   0.12696   0.19133   0.04962   0.04714   0.02970   0.08879   0.04165   0.10718   0.01627   0.06370   0.18778   0.67373   1.24923  
  4 593.3377   1167.816121  x:  0.04964   0.09303   0.18529   0.02119   0.04160   0.11647   0.01628   0.12660   0.04295   0.12125   0.05616   0.22306   0.12011   0.22726   0.04379   0.04630   0.03463   0.10708   0.06244   0.13325   0.01812   0.06174   0.21446   0.84348   1.24203  
  5 1022.6543   1160.771058  x:  0.03404   0.07925   0.18472   0.06411   0.05629   0.10262   0.05509   0.11595   0.04989   0.12528   0.03534   0.22848   0.12192   0.24036   0.04244   0.03048   0.03333   0.06390   0.04858   0.09654   0.09294   0.06239   0.22189   1.03305   1.22962  
  6 173.1252   1156.306508  x:  0.03480   0.07153   0.16905   0.06813   0.05270   0.07998   0.03705   0.09714   0.04814   0.12870   0.02373   0.21609   0.12494   0.22906   0.04929   0.02803   0.02917   0.02982   0.04444   0.05128   0.07437   0.06427   0.21322   1.12439   1.22021  
  7 133.4210   1155.060012  x:  0.03495   0.06806   0.15252   0.07394   0.05671   0.06729   0.03754   0.08584   0.05085   0.13193   0.02053   0.20074   0.12553   0.21047   0.05223   0.02801   0.03265   0.04930   0.04155   0.03779   0.06789   0.06521   0.20049   1.16132   1.21372  
  8 86.7763   1153.901114  x:  0.03563   0.06732   0.12891   0.07955   0.06274   0.05880   0.04220   0.07745   0.05462   0.13598   0.02384   0.17686   0.12662   0.17843   0.05475   0.03066   0.03225   0.04692   0.03871   0.05665   0.05883   0.06491   0.17977   1.19939   1.20375  
  9 82.7482   1153.554960  x:  0.03568   0.07132   0.12421   0.07931   0.06344   0.07047   0.04541   0.08711   0.05548   0.13571   0.03151   0.16670   0.12782   0.16163   0.05202   0.03485   0.03244   0.04548   0.03873   0.05176   0.05725   0.06428   0.17023   1.21168   1.19643  
 10 34.6629   1153.479415  x:  0.03554   0.07044   0.12860   0.07845   0.05737   0.06970   0.04194   0.08851   0.05398   0.13228   0.03104   0.16245   0.12838   0.15652   0.04899   0.03522   0.03045   0.04643   0.03984   0.05243   0.06149   0.06412   0.16669   1.21393   1.18771  
 11 10.3364   1153.396555  x:  0.03563   0.06989   0.13478   0.07615   0.05770   0.06960   0.04147   0.08541   0.05341   0.12782   0.03415   0.15945   0.12829   0.15532   0.05292   0.03740   0.03582   0.04572   0.04051   0.05253   0.06344   0.06495   0.16426   1.21533   1.16453  
 12  9.0279   1153.054548  x:  0.03661   0.07116   0.14527   0.07137   0.06557   0.07212   0.04722   0.08000   0.05286   0.11892   0.03376   0.15377   0.12816   0.15739   0.05662   0.03278   0.02664   0.04649   0.04340   0.05168   0.06005   0.06381   0.16029   1.21872   1.05789  
 13 29.5860   1152.280707  x:  0.03708   0.07225   0.14651   0.06812   0.06696   0.06912   0.05229   0.08564   0.05331   0.11923   0.02484   0.15243   0.12804   0.16262   0.04789   0.03720   0.03309   0.04548   0.04312   0.05260   0.05470   0.06385   0.16151   1.22440   0.82552  
 14 106.1116   1152.072076  x:  0.03680   0.07145   0.14344   0.06968   0.06340   0.06771   0.04941   0.08576   0.05374   0.12425   0.03412   0.15623   0.12730   0.16284   0.04989   0.03536   0.03067   0.04621   0.04295   0.05241   0.05680   0.06426   0.16368   1.22603   0.75543  
 15 94.1401   1152.043561  x:  0.03655   0.07194   0.14175   0.07085   0.06222   0.07202   0.04699   0.08344   0.05256   0.12503   0.03197   0.15713   0.12726   0.16198   0.05239   0.03584   0.03031   0.04667   0.04257   0.05294   0.05807   0.06461   0.16480   1.22638   0.74741  
 16  9.5158   1152.004903  x:  0.03647   0.07277   0.14182   0.07147   0.06124   0.07265   0.04695   0.08332   0.05347   0.12224   0.03079   0.16121   0.12748   0.15744   0.05307   0.03125   0.03246   0.04647   0.04182   0.05317   0.05679   0.06375   0.16708   1.22766   0.74653  
 17  1.4546   1151.867976  x:  0.03643   0.07248   0.14308   0.07282   0.06111   0.07001   0.04878   0.08438   0.05461   0.11611   0.02902   0.17175   0.12721   0.14762   0.05630   0.03738   0.02931   0.04677   0.04103   0.05306   0.05412   0.06409   0.17377   1.23297   0.74848  
 18  6.1977   1149.991889  x:  0.04082   0.06395   0.15100   0.05300   0.07622   0.06978   0.03478   0.09421   0.02673   0.13477   0.02630   0.19634   0.12078   0.14050   0.05329   0.03356   0.03089   0.04801   0.04724   0.05655   0.04636   0.07418   0.17620   1.30184   0.79965  
 19  5.9693   1147.497139  x:  0.04625   0.06767   0.16142   0.02800   0.07252   0.07659   0.01447   0.09931   0.05208   0.15848   0.02126   0.21529   0.11323   0.14933   0.05308   0.03448   0.03066   0.04941   0.05461   0.06087   0.03389   0.07511   0.17619   1.39926   0.87328  
 20 106.7009   1146.338790  x:  0.04800   0.07330   0.16134   0.02219   0.04902   0.08029   0.02489   0.09696   0.04780   0.16362   0.02351   0.21724   0.10970   0.16108   0.05623   0.03549   0.03163   0.05004   0.05450   0.06166   0.02045   0.06964   0.17828   1.44373   0.90742  
 21 96.7335   1145.845116  x:  0.04670   0.08300   0.15359   0.03010   0.04707   0.07945   0.01758   0.09930   0.04222   0.15020   0.02981   0.21149   0.10794   0.17280   0.05387   0.03727   0.03251   0.05079   0.04953   0.06247   0.01662   0.06003   0.18362   1.46297   0.92255  
 22 39.2349   1145.675535  x:  0.04776   0.08552   0.14310   0.02371   0.04566   0.07907   0.01658   0.09964   0.04104   0.14070   0.03229   0.20827   0.10737   0.17738   0.05270   0.03714   0.03272   0.05080   0.05286   0.06216   0.01953   0.06013   0.18941   1.46985   0.92769  
 23 26.9301   1145.625888  x:  0.04790   0.08094   0.14046   0.02456   0.04484   0.08099   0.01632   0.10002   0.04208   0.13629   0.03389   0.20539   0.10735   0.17936   0.05109   0.03628   0.03269   0.05086   0.05231   0.06249   0.01832   0.06549   0.19282   1.47191   0.92918  
 24 11.4654   1145.607990  x:  0.04809   0.07730   0.14073   0.02413   0.04517   0.08168   0.01629   0.10050   0.04233   0.13681   0.03412   0.20271   0.10732   0.17888   0.05137   0.03618   0.03291   0.05092   0.05246   0.06258   0.01817   0.06239   0.19665   1.47284   0.92948  
 25  2.4274   1145.530102  x:  0.04764   0.08230   0.14496   0.02454   0.04575   0.07998   0.01667   0.10120   0.04221   0.14140   0.03434   0.19335   0.10711   0.17627   0.05218   0.03488   0.03279   0.05107   0.05195   0.06280   0.01852   0.06517   0.20957   1.47750   0.93026  
 26  2.6027   1144.036034  x:  0.04300   0.08183   0.15352   0.03363   0.04321   0.09178   0.02278   0.08399   0.04479   0.13750   0.04648   0.19501   0.10164   0.18655   0.02578   0.04133   0.03515   0.05341   0.04274   0.06612   0.02569   0.06028   0.21591   1.56518   0.93926  
 27  2.2725   1142.243539  x:  0.03684   0.07340   0.15822   0.04941   0.03329   0.09516   0.02801   0.11366   0.04896   0.12577   0.04410   0.19159   0.09230   0.21174   0.04689   0.03841   0.03609   0.05963   0.02955   0.07445   0.03700   0.05979   0.20870   1.68674   0.95122  
 28 69.2960   1139.789561  x:  0.03033   0.08608   0.15773   0.03671   0.07679   0.08647   0.03379   0.11865   0.05279   0.11089   0.04055   0.18782   0.07205   0.21649   0.04497   0.03951   0.03890   0.05964   0.01659   0.07835   0.03311   0.06058   0.19923   1.99453   0.86099  
 29  0.3797   1138.131761  x:  0.02802   0.08465   0.15638   0.01835   0.06045   0.08435   0.03044   0.09626   0.04903   0.14259   0.03524   0.18716   0.05896   0.19181   0.04730   0.03822   0.03782   0.05447   0.01486   0.07362   0.02937   0.06175   0.19447   2.23581   0.86293  
 30  0.2672   1137.887903  x:  0.02658   0.07854   0.15012   0.02441   0.04834   0.08378   0.02864   0.09620   0.04766   0.13617   0.03494   0.18766   0.05817   0.18937   0.04998   0.03588   0.03606   0.05439   0.01491   0.07136   0.03134   0.06090   0.19492   2.28620   0.89846  
 31  0.0594   1137.812515  x:  0.02695   0.07718   0.14951   0.02179   0.04749   0.08265   0.02833   0.09929   0.04762   0.13031   0.03385   0.18973   0.05776   0.19084   0.05098   0.03481   0.03556   0.05514   0.01920   0.07049   0.03106   0.06091   0.19590   2.31961   0.90422  
 32  0.0442   1137.743082  x:  0.02417   0.07869   0.15471   0.02338   0.05207   0.08275   0.02821   0.10246   0.04802   0.12959   0.03334   0.19210   0.05630   0.19445   0.05217   0.03495   0.03689   0.05608   0.01854   0.06997   0.03111   0.06116   0.19869   2.39658   0.90179  
 33  0.0448   1137.710532  x:  0.02299   0.08005   0.15291   0.02389   0.05018   0.08330   0.02812   0.09878   0.04795   0.13303   0.03382   0.19063   0.05847   0.19185   0.05205   0.03553   0.03712   0.05516   0.01947   0.06875   0.03035   0.06072   0.19840   2.44590   0.89933  
 34  0.0263   1137.693985  x:  0.02314   0.07869   0.15245   0.02411   0.05052   0.08386   0.02852   0.10026   0.04806   0.13202   0.03428   0.19038   0.06239   0.19416   0.04979   0.03492   0.03655   0.05546   0.01983   0.07022   0.02987   0.06130   0.19712   2.45782   0.89825  
 35  0.0056   1137.689189  x:  0.02329   0.07953   0.15298   0.02354   0.05021   0.08363   0.02852   0.09965   0.04798   0.13128   0.03398   0.19100   0.06367   0.19343   0.05019   0.03485   0.03678   0.05557   0.01903   0.07074   0.02999   0.06098   0.19866   2.46723   0.90279  
 36  0.0055   1137.688341  x:  0.02356   0.07912   0.15276   0.02365   0.05047   0.08336   0.02844   0.09988   0.04815   0.13179   0.03358   0.19126   0.06411   0.19313   0.05068   0.03477   0.03672   0.05557   0.01894   0.07056   0.03023   0.06112   0.19833   2.46830   0.90138  
 37  0.0015   1137.688211  x:  0.02368   0.07917   0.15284   0.02361   0.05036   0.08347   0.02840   0.09993   0.04810   0.13165   0.03368   0.19113   0.06407   0.19338   0.05066   0.03476   0.03666   0.05562   0.01900   0.07036   0.03030   0.06115   0.19833   2.47108   0.90103  
 38  0.0015   1137.688193  x:  0.02373   0.07920   0.15278   0.02364   0.05042   0.08347   0.02843   0.09989   0.04811   0.13168   0.03371   0.19115   0.06403   0.19336   0.05061   0.03478   0.03668   0.05561   0.01899   0.07034   0.03031   0.06111   0.19835   2.47140   0.90130  
 39  0.0003   1137.688190  x:  0.02374   0.07918   0.15281   0.02365   0.05041   0.08346   0.02843   0.09989   0.04810   0.13169   0.03370   0.19115   0.06402   0.19334   0.05058   0.03477   0.03669   0.05561   0.01898   0.07036   0.03030   0.06112   0.19835   2.47168   0.90128  
 40  0.0002   1137.688190  x:  0.02375   0.07918   0.15281   0.02365   0.05041   0.08346   0.02843   0.09989   0.04810   0.13168   0.03369   0.19115   0.06401   0.19333   0.05059   0.03477   0.03669   0.05560   0.01898   0.07037   0.03030   0.06112   0.19835   2.47174   0.90130  
 41  0.0000   1137.688190  x:  0.02375   0.07918   0.15281   0.02365   0.05041   0.08346   0.02843   0.09989   0.04810   0.13168   0.03369   0.19115   0.06401   0.19334   0.05059   0.03477   0.03669   0.05560   0.01898   0.07037   0.03030   0.06112   0.19835   2.47175   0.90130  
 42  0.0000   1137.688190  x:  0.02375   0.07918   0.15281   0.02365   0.05041   0.08346   0.02843   0.09989   0.04810   0.13168   0.03370   0.19115   0.06401   0.19334   0.05059   0.03477   0.03669   0.05560   0.01898   0.07037   0.03030   0.06112   0.19835   2.47175   0.90129  
 43  0.0000   1137.688190  x:  0.02375   0.07918   0.15281   0.02365   0.05041   0.08346   0.02843   0.09989   0.04810   0.13168   0.03370   0.19115   0.06401   0.19334   0.05059   0.03477   0.03669   0.05560   0.01898   0.07037   0.03030   0.06112   0.19835   2.47175   0.90129  
 44  0.0000   1137.688190  x:  0.02375   0.07918   0.15281   0.02365   0.05041   0.08346   0.02843   0.09989   0.04810   0.13168   0.03370   0.19115   0.06401   0.19334   0.05059   0.03477   0.03669   0.05560   0.01898   0.07037   0.03030   0.06112   0.19835   2.47175   0.90129  

NSsites Model 1: NearlyNeutral

TREE # 1

  0  0.0000   1138.590875  x:  0.03773   0.06886   0.11730   0.01394   0.06891   0.06008   0.03793   0.08918   0.03448   0.14169   0.03298   0.19234   0.00000   0.17072   0.04306   0.04480   0.01128   0.04010   0.03117   0.05784   0.05214   0.08040   0.18381   2.75710   0.55553   0.51913  
  1 99.0000   1131.775652  x:  0.03181   0.07153   0.12427   0.01481   0.06743   0.06352   0.03233   0.09221   0.03936   0.14434   0.03723   0.19485   0.08617   0.17729   0.05168   0.04697   0.02770   0.04902   0.02567   0.06142   0.04535   0.07823   0.18645   2.75661   0.55661   0.51035  
  2 359.0108   1129.799050  x:  0.02064   0.07823   0.13898   0.04585   0.05694   0.07892   0.02957   0.09843   0.05300   0.14153   0.03330   0.19573   0.08782   0.18325   0.05138   0.03829   0.03831   0.05904   0.01627   0.06931   0.02963   0.06795   0.19078   2.75557   0.55846   0.48667  
  3 87.2476   1127.142889  x:  0.02805   0.09184   0.16985   0.02518   0.03467   0.10493   0.02655   0.11065   0.06161   0.13123   0.02955   0.19851   0.08443   0.20012   0.05308   0.01918   0.04935   0.06604   0.02729   0.08403   0.01740   0.04788   0.20496   2.75239   0.56451   0.40533  
  4 68.9746   1123.149772  x:  0.02357   0.10606   0.21424   0.00770   0.02716   0.13891   0.02582   0.12577   0.06819   0.11867   0.02524   0.20505   0.07875   0.22916   0.05925   0.00667   0.06078   0.07018   0.01165   0.09867   0.04817   0.03863   0.23169   2.74654   0.57644   0.24553  
  5 198.0899   1120.225729  x:  0.02705   0.11263   0.23927   0.01032   0.03157   0.15522   0.02633   0.13301   0.06693   0.11400   0.02494   0.21050   0.07708   0.24796   0.06441   0.00302   0.06325   0.06851   0.02158   0.10427   0.05636   0.04246   0.24992   2.74263   0.58412   0.13377  
  6 478.7908   1119.835732  x:  0.02599   0.11152   0.24124   0.00768   0.03050   0.15459   0.02595   0.13221   0.06492   0.11719   0.02504   0.21245   0.07679   0.25099   0.06509   0.00000   0.05945   0.06667   0.01500   0.10132   0.04917   0.04499   0.25360   2.74182   0.58046   0.11665  
  7 55.3308   1119.835732  x:  0.02599   0.11152   0.24124   0.00768   0.03050   0.15459   0.02595   0.13221   0.06492   0.11719   0.02504   0.21245   0.07679   0.25099   0.06509   0.00000   0.05945   0.06667   0.01500   0.10132   0.04917   0.04499   0.25360   2.74182   0.58046   0.11665  
  8 24.6008   1117.871808  x:  0.02183   0.10626   0.23505   0.04712   0.04200   0.14698   0.02680   0.12766   0.06193   0.12399   0.02543   0.21422   0.07430   0.24978   0.06521   0.00473   0.05354   0.06336   0.02135   0.09419   0.03869   0.05603   0.25424   2.74169   0.57545   0.11624  
  9 136.3792   1116.275850  x:  0.01849   0.09327   0.21563   0.03858   0.04938   0.12413   0.02918   0.11546   0.05022   0.13825   0.02769   0.21823   0.07095   0.24565   0.06625   0.01677   0.03888   0.05633   0.01692   0.07544   0.02107   0.07167   0.25497   2.74129   0.55882   0.11565  
 10 59.3876   1115.527710  x:  0.02439   0.08396   0.19588   0.03594   0.05510   0.10122   0.03003   0.10521   0.04460   0.14864   0.02804   0.22113   0.06645   0.24005   0.06451   0.02139   0.03605   0.05473   0.02250   0.06529   0.03691   0.07661   0.25313   2.74070   0.54337   0.11170  
 11 63.8267   1115.131446  x:  0.02430   0.08215   0.17565   0.03584   0.05621   0.08323   0.03125   0.10182   0.05212   0.15275   0.02602   0.22251   0.06232   0.23218   0.06068   0.01855   0.03963   0.06028   0.02328   0.07133   0.03156   0.06793   0.24745   2.73964   0.52734   0.10228  
 12 30.1230   1115.034186  x:  0.02410   0.08381   0.16821   0.03724   0.05693   0.08396   0.03095   0.10351   0.05179   0.15218   0.02459   0.22218   0.06375   0.22813   0.06147   0.02152   0.04032   0.05783   0.01783   0.07234   0.03268   0.06555   0.24389   2.73884   0.51920   0.09581  
 13 17.2242   1114.951529  x:  0.02416   0.08576   0.16140   0.03678   0.05707   0.08787   0.03006   0.10607   0.05030   0.15032   0.02351   0.22144   0.06617   0.22321   0.06263   0.02421   0.04059   0.05503   0.02188   0.07255   0.03175   0.06457   0.23917   2.73767   0.50874   0.08808  
 14 24.9882   1114.898568  x:  0.02450   0.08523   0.16077   0.03708   0.05595   0.09174   0.02905   0.10701   0.05088   0.14736   0.02495   0.22073   0.06712   0.21903   0.06186   0.02100   0.03797   0.05820   0.02152   0.07062   0.03225   0.06737   0.23439   2.73609   0.49679   0.08327  
 15 11.7914   1114.876622  x:  0.02401   0.08390   0.16497   0.03726   0.05475   0.09170   0.03017   0.10608   0.05198   0.14585   0.02584   0.22031   0.06768   0.21817   0.06151   0.02299   0.04053   0.05793   0.02145   0.07117   0.03232   0.06868   0.23288   2.73439   0.48826   0.08147  
 16  6.6705   1114.865810  x:  0.02541   0.08447   0.16853   0.03731   0.05558   0.09100   0.02972   0.10577   0.05149   0.14582   0.02569   0.22006   0.06771   0.21891   0.06110   0.02359   0.03943   0.05733   0.02148   0.07241   0.03210   0.06751   0.23287   2.73281   0.48293   0.08027  
 17  6.1295   1114.861365  x:  0.02400   0.08510   0.16999   0.03710   0.05643   0.09078   0.02979   0.10618   0.05107   0.14653   0.02546   0.22005   0.06764   0.21994   0.06109   0.02352   0.03916   0.05770   0.02164   0.07253   0.03250   0.06695   0.23341   2.73162   0.48057   0.07923  
 18  4.4835   1114.857852  x:  0.02456   0.08605   0.17072   0.03697   0.05678   0.09091   0.03005   0.10713   0.05123   0.14790   0.02528   0.22032   0.06756   0.22160   0.06142   0.02328   0.03997   0.05836   0.02158   0.07194   0.03233   0.06725   0.23459   2.72979   0.47868   0.07787  
 19  3.0963   1114.855114  x:  0.02448   0.08592   0.17043   0.03701   0.05591   0.09149   0.02942   0.10771   0.05203   0.14898   0.02520   0.22098   0.06758   0.22333   0.06173   0.02281   0.03989   0.05783   0.02162   0.07244   0.03253   0.06765   0.23615   2.72717   0.47693   0.07769  
 20  2.2643   1114.853151  x:  0.02467   0.08552   0.16982   0.03703   0.05591   0.09232   0.03035   0.10763   0.05187   0.14890   0.02519   0.22170   0.06783   0.22431   0.06175   0.02264   0.03978   0.05808   0.02164   0.07295   0.03259   0.06745   0.23738   2.72423   0.47588   0.07805  
 21  2.1507   1114.850505  x:  0.02468   0.08552   0.16927   0.03701   0.05628   0.09272   0.02947   0.10707   0.05147   0.14794   0.02547   0.22274   0.06826   0.22493   0.06173   0.02275   0.04037   0.05871   0.02157   0.07292   0.03245   0.06717   0.23867   2.71911   0.47518   0.07837  
 22  2.7559   1114.841221  x:  0.02444   0.08700   0.16912   0.03680   0.05616   0.09173   0.03005   0.10672   0.05225   0.14473   0.02577   0.22507   0.06812   0.22469   0.06141   0.02217   0.03991   0.05750   0.02162   0.07187   0.03252   0.06733   0.24071   2.69838   0.47526   0.07737  
 23  4.1507   1114.817070  x:  0.02449   0.08575   0.17005   0.03631   0.05455   0.09037   0.02972   0.10799   0.05079   0.14381   0.02273   0.22592   0.06751   0.22187   0.06264   0.02307   0.03911   0.05903   0.02153   0.07322   0.03251   0.06847   0.24072   2.64272   0.47702   0.07616  
 24 11.1308   1114.787515  x:  0.02458   0.08411   0.17097   0.03514   0.05648   0.09113   0.02949   0.10825   0.05137   0.14683   0.02405   0.22483   0.06795   0.21828   0.06391   0.02172   0.04009   0.05769   0.02126   0.07281   0.03215   0.06684   0.23759   2.57398   0.47863   0.07768  
 25 30.7826   1114.778600  x:  0.02438   0.08620   0.17032   0.03498   0.05568   0.09191   0.02955   0.10707   0.05202   0.14799   0.02451   0.22285   0.06745   0.21885   0.06181   0.02338   0.03964   0.05826   0.02137   0.07229   0.03226   0.06663   0.23561   2.55333   0.47887   0.07918  
 26 11.6684   1114.775355  x:  0.02437   0.08615   0.16960   0.03489   0.05566   0.09154   0.02956   0.10701   0.05126   0.14730   0.02607   0.22083   0.06709   0.22095   0.06106   0.02340   0.03974   0.05806   0.02127   0.07305   0.03221   0.06721   0.23422   2.54634   0.47932   0.07863  
 27  3.3491   1114.774240  x:  0.02441   0.08549   0.16935   0.03490   0.05564   0.09145   0.02950   0.10719   0.05152   0.14659   0.02590   0.21969   0.06681   0.22202   0.06114   0.02357   0.03964   0.05802   0.02129   0.07240   0.03215   0.06671   0.23379   2.54439   0.47938   0.07854  
 28  1.6725   1114.772211  x:  0.02440   0.08592   0.16913   0.03458   0.05616   0.09137   0.02955   0.10648   0.05221   0.14621   0.02560   0.21806   0.06723   0.22185   0.06219   0.02344   0.03946   0.05818   0.02129   0.07277   0.03224   0.06723   0.23448   2.54462   0.47938   0.07863  
 29  0.1776   1114.761505  x:  0.02426   0.08640   0.16891   0.03409   0.05474   0.09122   0.02963   0.10638   0.05079   0.14586   0.02535   0.21382   0.06754   0.21993   0.06135   0.02180   0.04044   0.05750   0.02100   0.07239   0.03189   0.06659   0.23756   2.54783   0.47932   0.07906  
 30  0.9351   1114.737889  x:  0.02439   0.08519   0.16919   0.03227   0.05372   0.09197   0.02938   0.10781   0.05192   0.14586   0.02879   0.21065   0.06748   0.21726   0.05981   0.02370   0.03944   0.05860   0.02094   0.07266   0.03194   0.06466   0.24134   2.55584   0.48100   0.07726  
 31  3.3252   1114.681406  x:  0.02439   0.08517   0.16946   0.02663   0.05569   0.09433   0.02866   0.10912   0.05338   0.14415   0.02604   0.21295   0.06381   0.21763   0.05774   0.02331   0.04098   0.05785   0.02011   0.07452   0.03158   0.06494   0.23800   2.57534   0.48349   0.07817  
 32  4.3759   1114.645551  x:  0.02419   0.08703   0.16993   0.02449   0.05215   0.09346   0.02922   0.10854   0.05260   0.14361   0.02602   0.21612   0.06611   0.21963   0.06145   0.02235   0.04095   0.05859   0.01981   0.07436   0.03135   0.06262   0.23321   2.58814   0.48505   0.07924  
 33  9.7534   1114.644783  x:  0.02419   0.08677   0.17003   0.02441   0.05216   0.09345   0.02921   0.10819   0.05277   0.14376   0.02560   0.21622   0.06717   0.21985   0.06087   0.02220   0.04092   0.05853   0.01979   0.07431   0.03133   0.06266   0.23306   2.58842   0.48530   0.07879  
 34  1.0426   1114.644671  x:  0.02420   0.08671   0.17007   0.02444   0.05206   0.09360   0.02921   0.10780   0.05270   0.14385   0.02557   0.21631   0.06695   0.21989   0.06095   0.02216   0.04093   0.05850   0.01978   0.07428   0.03134   0.06259   0.23306   2.58866   0.48533   0.07853  
 35  0.0179   1114.641802  x:  0.02456   0.08643   0.17000   0.02498   0.05202   0.09284   0.02933   0.10775   0.05227   0.14418   0.02522   0.21834   0.06721   0.22073   0.06104   0.02244   0.04077   0.05837   0.01979   0.07379   0.03212   0.06321   0.23252   2.59514   0.48415   0.07886  
 36  0.1721   1114.641739  x:  0.02459   0.08638   0.16999   0.02481   0.05209   0.09279   0.02933   0.10772   0.05226   0.14419   0.02521   0.21836   0.06713   0.22069   0.06103   0.02243   0.04078   0.05836   0.01982   0.07375   0.03225   0.06318   0.23260   2.59464   0.48414   0.07884  
 37  0.0006   1114.641736  x:  0.02459   0.08639   0.16999   0.02483   0.05208   0.09280   0.02933   0.10773   0.05227   0.14416   0.02522   0.21833   0.06714   0.22068   0.06102   0.02242   0.04080   0.05837   0.01983   0.07376   0.03227   0.06315   0.23259   2.59462   0.48418   0.07885  
 38  0.0001   1114.641736  x:  0.02459   0.08639   0.16998   0.02483   0.05208   0.09280   0.02933   0.10773   0.05227   0.14416   0.02522   0.21832   0.06714   0.22068   0.06102   0.02242   0.04080   0.05837   0.01983   0.07376   0.03227   0.06315   0.23259   2.59461   0.48418   0.07885  
 39  0.0000   1114.641736  x:  0.02459   0.08639   0.16998   0.02483   0.05208   0.09280   0.02933   0.10773   0.05227   0.14416   0.02522   0.21832   0.06714   0.22068   0.06102   0.02242   0.04080   0.05837   0.01983   0.07376   0.03227   0.06315   0.23259   2.59461   0.48418   0.07885  

NSsites Model 2: PositiveSelection

TREE # 1

  0  0.0000   1116.965339  x:  0.03766   0.06497   0.11948   0.00933   0.07395   0.05372   0.02960   0.09105   0.03359   0.14248   0.02891   0.19393   0.00000   0.17376   0.04180   0.04505   0.00884   0.03911   0.03708   0.05977   0.05072   0.07883   0.18843   2.39523   1.30492   0.16647   0.35971   2.97509  
  1 99.0000   1111.666162  x:  0.02669   0.06995   0.12971   0.02478   0.06751   0.06158   0.02401   0.09369   0.04073   0.14530   0.03223   0.19759   0.07378   0.18430   0.05869   0.04255   0.02815   0.05307   0.01931   0.06097   0.03801   0.07450   0.19203   2.39560   1.30488   0.16596   0.35320   2.97587  
  2 196.8206   1110.136004  x:  0.01943   0.08049   0.14612   0.02453   0.04918   0.08777   0.03054   0.10029   0.05488   0.13952   0.02592   0.20137   0.07327   0.19382   0.05734   0.02215   0.03391   0.05629   0.01781   0.06749   0.02215   0.06006   0.19918   2.39690   1.30340   0.16514   0.33931   2.97717  
  3 58.2089   1109.691094  x:  0.02359   0.08405   0.15488   0.02349   0.04077   0.09620   0.02539   0.10237   0.05579   0.13571   0.02436   0.20471   0.07308   0.20102   0.05870   0.01188   0.03923   0.05576   0.01590   0.06921   0.03372   0.05561   0.20616   2.39813   1.30204   0.16448   0.32738   2.97823  
  4 50.8595   1109.341749  x:  0.02380   0.08344   0.16380   0.02441   0.04023   0.10008   0.01933   0.10307   0.04977   0.13166   0.02599   0.21110   0.07256   0.21296   0.06367   0.00524   0.04003   0.05341   0.02608   0.06760   0.03282   0.05864   0.22055   2.40068   1.29916   0.16338   0.30481   2.98019  
  5 35.1904   1108.787052  x:  0.02291   0.08104   0.17404   0.02525   0.04338   0.10259   0.02411   0.10381   0.04208   0.12765   0.02843   0.22109   0.06869   0.23059   0.07018   0.00000   0.03643   0.05128   0.01941   0.06449   0.03218   0.06450   0.24367   2.40519   1.29386   0.16174   0.26721   2.98337  
  6 69.3668   1108.492546  x:  0.02402   0.08096   0.17275   0.02498   0.04435   0.09566   0.02380   0.10275   0.05376   0.13322   0.02745   0.22753   0.06527   0.24025   0.07088   0.00269   0.03718   0.05843   0.02017   0.06867   0.03294   0.06407   0.25996   2.41054   1.28672   0.16116   0.23283   2.98607  
  7 31.5465   1108.411460  x:  0.02359   0.08292   0.16881   0.02426   0.04463   0.09433   0.02471   0.10361   0.05238   0.13759   0.02580   0.22806   0.06650   0.24014   0.06926   0.00000   0.03759   0.05582   0.02068   0.06906   0.03298   0.06229   0.26095   2.41335   1.28196   0.16203   0.22367   2.98672  
  8 13.7777   1108.370674  x:  0.02397   0.08293   0.16512   0.02530   0.04289   0.09572   0.02142   0.10373   0.05121   0.13976   0.02690   0.22763   0.06570   0.23784   0.06902   0.00000   0.03780   0.05591   0.01872   0.06771   0.03119   0.06268   0.26000   2.41766   1.27415   0.16410   0.21604   2.98723  
  9 11.8070   1108.309048  x:  0.02434   0.08058   0.16067   0.02605   0.04084   0.09985   0.02405   0.10330   0.05032   0.13972   0.02953   0.22615   0.06613   0.23303   0.07053   0.00000   0.03899   0.05837   0.02032   0.06593   0.03242   0.06434   0.25710   2.42688   1.25717   0.16909   0.20457   2.98800  
 10 18.0832   1108.189646  x:  0.02390   0.07787   0.15997   0.02349   0.04602   0.10409   0.02195   0.10199   0.05247   0.13254   0.02722   0.22338   0.06908   0.22639   0.07269   0.00000   0.03438   0.05745   0.02023   0.06914   0.03356   0.06390   0.25205   2.44914   1.21536   0.18233   0.18737   2.98927  
 11 19.8915   1107.996425  x:  0.02752   0.07949   0.16548   0.02980   0.04526   0.09843   0.02352   0.10141   0.05395   0.12209   0.02045   0.22150   0.06957   0.22154   0.07326   0.00000   0.03770   0.05373   0.02011   0.06827   0.03175   0.06475   0.24837   2.48887   1.14001   0.20737   0.16813   2.99101  
 12 39.0322   1107.731462  x:  0.02072   0.08235   0.17430   0.02322   0.03973   0.08969   0.02341   0.10254   0.05246   0.11822   0.02209   0.22323   0.06944   0.22126   0.07342   0.00000   0.04017   0.05481   0.01975   0.06605   0.03179   0.06373   0.24839   2.54348   1.03603   0.24287   0.15025   2.99308  
 13 76.8120   1107.197381  x:  0.02996   0.08883   0.19200   0.02525   0.04613   0.09137   0.02586   0.10742   0.04905   0.13488   0.03169   0.23278   0.06897   0.23207   0.07050   0.00000   0.03625   0.06298   0.02196   0.06820   0.03220   0.05780   0.25671   2.66514   0.80432   0.32376   0.12286   2.99758  
 14 105.2584   1106.901908  x:  0.02415   0.08749   0.19565   0.02925   0.05062   0.09971   0.02507   0.11037   0.05225   0.14753   0.02853   0.23889   0.06637   0.24187   0.06949   0.00000   0.04151   0.06087   0.02207   0.07277   0.03627   0.06755   0.26490   2.73194   0.67719   0.36893   0.11179   3.00035  
 15 131.5123   1106.836096  x:  0.02824   0.08670   0.19219   0.02522   0.04813   0.10214   0.02550   0.11116   0.05377   0.14876   0.02573   0.24101   0.06739   0.24577   0.07225   0.00000   0.04136   0.05904   0.02207   0.07310   0.03495   0.07112   0.26874   2.74674   0.64937   0.37934   0.11105   3.00139  
 16 36.7979   1106.803574  x:  0.02736   0.08663   0.18554   0.02724   0.04619   0.10307   0.02548   0.11180   0.05407   0.14617   0.02436   0.24354   0.06743   0.24895   0.07517   0.00000   0.03877   0.05887   0.02254   0.07253   0.03589   0.06847   0.27273   2.75442   0.63569   0.38517   0.11191   3.00274  
 17 12.4709   1106.794607  x:  0.02751   0.08751   0.18238   0.02683   0.04776   0.10341   0.02541   0.11189   0.05388   0.14403   0.02495   0.24489   0.06714   0.24979   0.07512   0.00000   0.04075   0.05941   0.02229   0.07260   0.03549   0.06755   0.27438   2.75694   0.63199   0.38725   0.11215   3.00383  
 18  5.9249   1106.791872  x:  0.02761   0.08783   0.18127   0.02709   0.04753   0.10280   0.02559   0.11179   0.05417   0.14328   0.02586   0.24571   0.06767   0.24967   0.07376   0.00000   0.04028   0.05933   0.02228   0.07350   0.03547   0.06849   0.27510   2.75834   0.63121   0.38863   0.11194   3.00549  
 19  1.7330   1106.788115  x:  0.02763   0.08680   0.18048   0.02695   0.04806   0.10166   0.02566   0.11142   0.05470   0.14364   0.02487   0.24628   0.06815   0.24920   0.07279   0.00000   0.03990   0.06023   0.02226   0.07221   0.03540   0.06877   0.27601   2.76138   0.63112   0.39196   0.11139   3.01042  
 20  1.5976   1106.782927  x:  0.02764   0.08598   0.17997   0.02703   0.04844   0.10021   0.02591   0.11084   0.05533   0.14458   0.02511   0.24642   0.06798   0.24844   0.07423   0.00178   0.04013   0.05981   0.02208   0.07260   0.03512   0.06853   0.27667   2.76567   0.63190   0.39692   0.11085   3.01809  
 21  4.1252   1106.772427  x:  0.02754   0.08633   0.17940   0.02713   0.04877   0.09891   0.02613   0.11068   0.05524   0.14547   0.02470   0.24636   0.06762   0.24785   0.07603   0.00000   0.04012   0.06038   0.02191   0.07357   0.03491   0.06887   0.27688   2.77290   0.63416   0.40565   0.11022   3.03196  
 22  6.9148   1106.772427  x:  0.02754   0.08633   0.17940   0.02713   0.04877   0.09891   0.02613   0.11068   0.05524   0.14547   0.02470   0.24636   0.06762   0.24785   0.07603   0.00000   0.04012   0.06038   0.02191   0.07357   0.03491   0.06887   0.27688   2.77290   0.63416   0.40565   0.11022   3.03196  
 23 13.9119   1106.739485  x:  0.02575   0.08782   0.17858   0.02640   0.04794   0.10183   0.02845   0.11181   0.05532   0.14691   0.02389   0.24629   0.06944   0.24793   0.07473   0.00006   0.04018   0.05933   0.01917   0.07377   0.03396   0.06725   0.27641   2.77296   0.63449   0.40569   0.10883   3.03243  
 24  9.7060   1106.730605  x:  0.02563   0.08829   0.17830   0.02637   0.04768   0.10270   0.02845   0.11211   0.05536   0.14741   0.02370   0.24628   0.07003   0.24795   0.07428   0.00000   0.04040   0.05912   0.01978   0.07388   0.03373   0.06683   0.27621   2.77299   0.63463   0.40571   0.10827   3.03264  
 25  9.3096   1106.723256  x:  0.02656   0.08902   0.17768   0.02684   0.04736   0.10422   0.02683   0.11255   0.05560   0.14854   0.02375   0.24631   0.07121   0.24801   0.07341   0.00000   0.04076   0.05930   0.01918   0.07400   0.03447   0.06664   0.27562   2.77311   0.63507   0.40583   0.10658   3.03334  
 26  6.0512   1106.719764  x:  0.02624   0.08839   0.17706   0.02685   0.04777   0.10471   0.02703   0.11266   0.05593   0.14932   0.02451   0.24650   0.07164   0.24821   0.07305   0.00000   0.04027   0.06023   0.01931   0.07388   0.03453   0.06789   0.27478   2.77336   0.63577   0.40619   0.10408   3.03474  
 27  2.3455   1106.717131  x:  0.02696   0.08792   0.17670   0.02660   0.04757   0.10401   0.02737   0.11251   0.05566   0.14934   0.02400   0.24666   0.07107   0.24867   0.07303   0.00000   0.04013   0.05937   0.01928   0.07379   0.03440   0.06796   0.27387   2.77382   0.63677   0.40709   0.10118   3.03729  
 28  1.9033   1106.715443  x:  0.02612   0.08779   0.17654   0.02678   0.04747   0.10341   0.02689   0.11227   0.05550   0.14906   0.02375   0.24670   0.07069   0.24889   0.07318   0.00000   0.04032   0.05921   0.01922   0.07372   0.03440   0.06740   0.27330   2.77424   0.63754   0.40805   0.09954   3.03960  
 29  3.1049   1106.712691  x:  0.02644   0.08848   0.17652   0.02656   0.04765   0.10310   0.02712   0.11180   0.05551   0.14803   0.02415   0.24646   0.07063   0.24864   0.07347   0.00000   0.04045   0.06026   0.01918   0.07351   0.03411   0.06616   0.27255   2.77528   0.63905   0.41074   0.09833   3.04516  
 30  2.3310   1106.692358  x:  0.02582   0.09034   0.17653   0.02733   0.04736   0.10423   0.02779   0.11044   0.05555   0.14262   0.02455   0.24344   0.07160   0.24515   0.07300   0.00000   0.04009   0.05875   0.01954   0.07350   0.03580   0.06755   0.26901   2.78392   0.65062   0.43454   0.09675   3.09171  
 31  5.7065   1106.668613  x:  0.02578   0.08942   0.17608   0.02645   0.04661   0.10470   0.02575   0.11032   0.05533   0.14038   0.02427   0.24066   0.07234   0.24204   0.07214   0.00000   0.03882   0.05815   0.01903   0.07308   0.03249   0.06834   0.26640   2.79395   0.66384   0.46264   0.09655   3.14592  
 32 37.5929   1106.614398  x:  0.02612   0.08342   0.17366   0.02615   0.04571   0.10381   0.02660   0.11201   0.05471   0.14352   0.02314   0.23642   0.07206   0.23750   0.07024   0.00000   0.04030   0.05931   0.01930   0.07199   0.03381   0.06541   0.26344   2.81721   0.69441   0.52904   0.09778   3.27253  
 33 55.0289   1106.577175  x:  0.02600   0.08653   0.17203   0.02746   0.04755   0.10217   0.02685   0.11137   0.05540   0.14915   0.02608   0.23752   0.07042   0.23882   0.07134   0.00000   0.03841   0.05705   0.01962   0.07252   0.03354   0.06443   0.26514   2.83320   0.71553   0.57634   0.09830   3.36105  
 34 44.4990   1106.553593  x:  0.02541   0.08970   0.17201   0.02492   0.04687   0.10212   0.02662   0.11076   0.05495   0.15117   0.02527   0.24010   0.06940   0.24251   0.07211   0.00000   0.03976   0.05813   0.01973   0.07289   0.03407   0.06653   0.26845   2.84298   0.72847   0.60659   0.09804   3.41650  
 35 46.0733   1106.536230  x:  0.02571   0.09022   0.17367   0.02753   0.04644   0.10373   0.02722   0.11108   0.05493   0.15056   0.02352   0.24358   0.06935   0.24719   0.07230   0.00000   0.03980   0.05955   0.01978   0.07296   0.03329   0.06741   0.27250   2.85004   0.73776   0.62998   0.09717   3.45808  
 36 34.8146   1106.522445  x:  0.02579   0.08860   0.17607   0.02667   0.04670   0.10565   0.02682   0.11224   0.05559   0.14868   0.02439   0.24733   0.07095   0.25159   0.07282   0.00000   0.03878   0.05889   0.02014   0.07319   0.03413   0.06644   0.27648   2.85531   0.74449   0.64905   0.09597   3.49060  
 37 28.0513   1106.521200  x:  0.02585   0.08855   0.17639   0.02679   0.04695   0.10540   0.02688   0.11273   0.05565   0.14848   0.02495   0.24765   0.07126   0.25163   0.07262   0.00000   0.03977   0.05861   0.02003   0.07320   0.03380   0.06661   0.27689   2.85547   0.74435   0.65160   0.09552   3.49338  
 38  2.6614   1106.516478  x:  0.02572   0.08934   0.17753   0.02676   0.04708   0.10387   0.02692   0.11458   0.05533   0.14837   0.02495   0.24805   0.07174   0.25063   0.07093   0.00000   0.03922   0.05901   0.02011   0.07419   0.03400   0.06672   0.27824   2.85474   0.74054   0.66471   0.09285   3.50312  
 39  2.6837   1106.489866  x:  0.02560   0.09011   0.18072   0.02675   0.04682   0.10445   0.02686   0.11412   0.05642   0.15036   0.02391   0.24822   0.07297   0.24627   0.07256   0.00000   0.03886   0.05889   0.02057   0.07077   0.03432   0.06708   0.28291   2.84864   0.71439   0.74296   0.07797   3.55616  
 40  9.8881   1106.472373  x:  0.02586   0.08925   0.18030   0.02678   0.04752   0.10648   0.02680   0.11272   0.05583   0.15074   0.02402   0.24833   0.07251   0.24564   0.07394   0.00000   0.03959   0.05908   0.02048   0.07488   0.03395   0.06705   0.28370   2.84413   0.69616   0.79639   0.06900   3.59168  
 41 32.2540   1106.459541  x:  0.02590   0.08945   0.17672   0.02702   0.04626   0.10682   0.02671   0.11396   0.05559   0.14939   0.02568   0.24895   0.07152   0.24971   0.07241   0.00000   0.03939   0.05909   0.02063   0.07384   0.03405   0.06710   0.28056   2.84020   0.68238   0.83593   0.06471   3.61724  
 42 14.0192   1106.458173  x:  0.02591   0.08955   0.17656   0.02690   0.04737   0.10654   0.02666   0.11396   0.05576   0.14935   0.02507   0.24873   0.07211   0.25065   0.07216   0.00000   0.03942   0.05904   0.02065   0.07365   0.03409   0.06713   0.27981   2.83954   0.68099   0.84022   0.06441   3.61997  
 43  4.4224   1106.457714  x:  0.02590   0.08956   0.17694   0.02696   0.04708   0.10611   0.02674   0.11381   0.05604   0.14955   0.02502   0.24844   0.07276   0.25120   0.07233   0.00000   0.03942   0.05907   0.02065   0.07385   0.03407   0.06719   0.27929   2.83900   0.68070   0.84167   0.06436   3.62085  
 44  1.2923   1106.457393  x:  0.02587   0.08961   0.17792   0.02693   0.04711   0.10631   0.02673   0.11379   0.05570   0.14985   0.02525   0.24801   0.07248   0.25161   0.07215   0.00000   0.03943   0.05908   0.02066   0.07379   0.03408   0.06720   0.27876   2.83770   0.68103   0.84268   0.06431   3.62140  
 45  0.4407   1106.456972  x:  0.02586   0.08963   0.17817   0.02684   0.04711   0.10643   0.02670   0.11395   0.05644   0.14984   0.02521   0.24765   0.07199   0.25173   0.07203   0.00000   0.03949   0.05908   0.02065   0.07389   0.03407   0.06718   0.27861   2.83486   0.68212   0.84399   0.06420   3.62202  
 46  0.5478   1106.451640  x:  0.02580   0.08958   0.17672   0.02688   0.04714   0.10625   0.02650   0.11481   0.05577   0.14915   0.02555   0.24478   0.07181   0.25191   0.07303   0.00000   0.03921   0.05902   0.02070   0.07369   0.03405   0.06727   0.27881   2.79597   0.69771   0.86038   0.06295   3.62961  
 47  2.4659   1106.449527  x:  0.02575   0.08924   0.17639   0.02679   0.04699   0.10595   0.02654   0.11308   0.05570   0.14902   0.02573   0.24541   0.07198   0.25138   0.07162   0.00000   0.03921   0.05887   0.02067   0.07353   0.03397   0.06711   0.27846   2.78049   0.70400   0.86697   0.06276   3.63252  
 48  6.5256   1106.448849  x:  0.02574   0.08929   0.17664   0.02677   0.04702   0.10597   0.02651   0.11341   0.05567   0.14910   0.02539   0.24709   0.07196   0.25057   0.07212   0.00000   0.03919   0.05888   0.02068   0.07354   0.03398   0.06718   0.27718   2.77567   0.70618   0.86923   0.06292   3.63329  
 49  1.3532   1106.445454  x:  0.02557   0.08891   0.17542   0.02671   0.04688   0.10557   0.02639   0.11274   0.05549   0.14834   0.02537   0.24614   0.07179   0.24993   0.07178   0.00000   0.03892   0.05865   0.02063   0.07325   0.03390   0.06720   0.27466   2.78504   0.73652   0.89542   0.06032   3.61361  
 50  0.0780   1106.445361  x:  0.02557   0.08890   0.17540   0.02671   0.04688   0.10556   0.02639   0.11274   0.05549   0.14833   0.02537   0.24613   0.07178   0.24992   0.07178   0.00040   0.03891   0.05865   0.02063   0.07324   0.03390   0.06720   0.27464   2.78514   0.73682   0.89568   0.06030   3.61342  
 51  0.7177   1106.445032  x:  0.02561   0.08886   0.17512   0.02673   0.04695   0.10554   0.02639   0.11260   0.05549   0.14834   0.02546   0.24609   0.07160   0.25019   0.07170   0.00056   0.03886   0.05871   0.02063   0.07327   0.03396   0.06730   0.27377   2.78587   0.73274   0.88754   0.06036   3.62114  
 52  0.0134   1106.445012  x:  0.02558   0.08889   0.17513   0.02671   0.04696   0.10556   0.02643   0.11262   0.05549   0.14836   0.02544   0.24607   0.07159   0.25011   0.07163   0.00060   0.03884   0.05869   0.02058   0.07327   0.03395   0.06726   0.27366   2.78574   0.73293   0.88969   0.06011   3.62422  
 53  0.0057   1106.445005  x:  0.02559   0.08887   0.17516   0.02671   0.04698   0.10550   0.02640   0.11261   0.05548   0.14833   0.02544   0.24606   0.07154   0.25005   0.07161   0.00063   0.03882   0.05870   0.02060   0.07326   0.03396   0.06726   0.27361   2.78569   0.73313   0.89121   0.05998   3.62598  
 54  0.0050   1106.445004  x:  0.02559   0.08887   0.17516   0.02671   0.04698   0.10549   0.02640   0.11262   0.05548   0.14833   0.02543   0.24606   0.07154   0.25003   0.07160   0.00064   0.03882   0.05869   0.02060   0.07326   0.03395   0.06726   0.27358   2.78555   0.73301   0.89103   0.05998   3.62566  
 55  0.0003   1106.445004  x:  0.02559   0.08887   0.17516   0.02671   0.04698   0.10549   0.02640   0.11262   0.05548   0.14833   0.02543   0.24606   0.07154   0.25003   0.07160   0.00064   0.03882   0.05869   0.02060   0.07326   0.03395   0.06726   0.27358   2.78555   0.73299   0.89103   0.05998   3.62564  
 56  0.0000   1106.445004  x:  0.02559   0.08887   0.17516   0.02671   0.04698   0.10549   0.02640   0.11262   0.05548   0.14833   0.02543   0.24606   0.07154   0.25003   0.07160   0.00064   0.03882   0.05869   0.02060   0.07326   0.03395   0.06726   0.27358   2.78555   0.73299   0.89103   0.05998   3.62564  
 57  0.0000   1106.445004  x:  0.02559   0.08887   0.17516   0.02671   0.04698   0.10549   0.02640   0.11262   0.05548   0.14833   0.02543   0.24606   0.07154   0.25003   0.07160   0.00064   0.03882   0.05869   0.02060   0.07326   0.03395   0.06726   0.27358   2.78555   0.73299   0.89103   0.05998   3.62564  

NSsites Model 7: beta

TREE # 1

  0  0.0000   1133.441729  x:  0.04414   0.06261   0.12265   0.02499   0.06391   0.06535   0.02854   0.08997   0.04018   0.12587   0.03971   0.16919   0.00000   0.15493   0.04535   0.05286   0.02338   0.04735   0.03026   0.06475   0.04127   0.07657   0.16480   3.37262   0.77905   1.34095  
  1 99.0000   1127.482041  x:  0.03857   0.06573   0.12652   0.02057   0.06270   0.06744   0.02827   0.09165   0.04138   0.12858   0.04160   0.17238   0.07428   0.16161   0.05036   0.05227   0.02517   0.04971   0.02599   0.06539   0.03857   0.07463   0.16837   3.37197   0.77887   1.33998  
  2 438.0472   1125.741325  x:  0.01833   0.07798   0.14071   0.03254   0.05286   0.08163   0.03478   0.09797   0.05124   0.13052   0.03643   0.17943   0.07516   0.17496   0.05077   0.03933   0.04003   0.05772   0.01429   0.06891   0.02961   0.06494   0.18038   3.36937   0.77974   1.33508  
  3 68.1975   1125.138464  x:  0.02240   0.08658   0.15313   0.02632   0.04614   0.09010   0.03277   0.10204   0.05301   0.13184   0.03287   0.18717   0.07436   0.18875   0.05231   0.02750   0.04348   0.05958   0.02577   0.07341   0.02713   0.05799   0.19380   3.36610   0.78099   1.32865  
  4 51.4231   1124.792469  x:  0.02558   0.08915   0.16220   0.02061   0.04599   0.09380   0.02936   0.10391   0.05081   0.13343   0.03048   0.19491   0.07270   0.20118   0.05490   0.02202   0.04000   0.05764   0.01884   0.07477   0.03449   0.05742   0.20708   3.36230   0.78258   1.32095  
  5 43.5211   1124.524634  x:  0.02422   0.08570   0.16987   0.02691   0.05156   0.09326   0.02872   0.10404   0.04651   0.13640   0.02844   0.20530   0.07162   0.21554   0.05873   0.02357   0.03514   0.05427   0.02151   0.07353   0.03353   0.06363   0.22412   3.35596   0.78522   1.30779  
  6 32.0700   1124.405480  x:  0.02354   0.08157   0.17006   0.02195   0.05244   0.08894   0.03298   0.10292   0.04750   0.13822   0.02891   0.21096   0.07063   0.22073   0.05895   0.02576   0.03908   0.05657   0.02143   0.07149   0.03179   0.06650   0.23194   3.34994   0.78772   1.29494  
  7 19.8832   1124.242082  x:  0.02870   0.07885   0.16521   0.02638   0.05077   0.08030   0.03201   0.10055   0.05178   0.14138   0.02902   0.21769   0.07103   0.22347   0.05555   0.02381   0.04155   0.06031   0.02027   0.07170   0.03288   0.06345   0.23907   3.33561   0.79328   1.26407  
  8 20.1899   1123.831394  x:  0.01975   0.08025   0.15054   0.02307   0.05165   0.07653   0.02983   0.09963   0.05186   0.14563   0.02639   0.22639   0.07086   0.22234   0.05218   0.01998   0.03620   0.05745   0.02185   0.07613   0.03201   0.05665   0.24653   3.29414   0.80741   1.17465  
  9 39.8679   1123.015986  x:  0.02851   0.09174   0.13282   0.02522   0.05417   0.09117   0.03597   0.10446   0.04880   0.14929   0.02261   0.23573   0.07154   0.21579   0.05891   0.02461   0.04173   0.05238   0.01985   0.07898   0.03093   0.06013   0.25240   3.20174   0.83307   0.97711  
 10 115.4913   1122.412410  x:  0.02450   0.08930   0.14385   0.02558   0.05242   0.09647   0.02624   0.10770   0.05275   0.14695   0.03009   0.23529   0.07131   0.20997   0.06528   0.02557   0.04222   0.06277   0.02366   0.07587   0.03731   0.06915   0.24728   3.13018   0.84351   0.82767  
 11 109.7387   1122.099736  x:  0.02745   0.08451   0.15912   0.02518   0.05243   0.09346   0.03301   0.10884   0.05343   0.14434   0.03052   0.23038   0.07170   0.20976   0.06203   0.02346   0.03518   0.06171   0.02128   0.07462   0.03187   0.06676   0.24054   3.09020   0.84000   0.74891  
 12 76.0048   1121.910496  x:  0.02613   0.08382   0.16793   0.02546   0.05416   0.08824   0.03286   0.10754   0.05021   0.14387   0.02608   0.22488   0.07210   0.21380   0.05721   0.02778   0.04206   0.05535   0.02237   0.07670   0.03521   0.06261   0.23605   3.06264   0.82731   0.70090  
 13 45.8331   1121.597247  x:  0.02720   0.09368   0.16641   0.02300   0.05940   0.08290   0.02616   0.10402   0.04968   0.14986   0.02784   0.21732   0.07039   0.22650   0.05621   0.03419   0.04217   0.05948   0.01895   0.08125   0.02743   0.06192   0.23241   3.01015   0.77854   0.62593  
 14 30.5770   1120.951650  x:  0.02489   0.10442   0.15385   0.02437   0.06400   0.08008   0.03717   0.10219   0.05405   0.16264   0.03639   0.20713   0.06881   0.24918   0.05522   0.03475   0.03690   0.06592   0.02331   0.08644   0.03790   0.06317   0.22848   2.89426   0.65995   0.46842  
 15 120.0899   1120.252676  x:  0.02529   0.09510   0.13903   0.02416   0.05658   0.08582   0.03140   0.10762   0.05580   0.16730   0.03834   0.20918   0.06830   0.25614   0.05269   0.02812   0.03929   0.05814   0.02208   0.07946   0.03477   0.06577   0.23180   2.77994   0.53642   0.32018  
 16 126.7948   1120.015693  x:  0.02569   0.09301   0.13955   0.02413   0.06019   0.08765   0.03193   0.10774   0.05370   0.16181   0.03327   0.21948   0.06833   0.24418   0.05547   0.03347   0.03795   0.06525   0.02199   0.08487   0.03553   0.05861   0.23895   2.73328   0.48806   0.26954  
 17 44.3896   1119.906944  x:  0.02496   0.10060   0.14318   0.02364   0.06224   0.08221   0.03284   0.10538   0.05630   0.16034   0.03314   0.22710   0.06851   0.23354   0.05602   0.03058   0.03868   0.06167   0.02193   0.08782   0.03538   0.06379   0.24232   2.70710   0.46696   0.25075  
 18 21.9630   1119.701916  x:  0.02373   0.10779   0.14713   0.02325   0.05838   0.07806   0.03356   0.10576   0.05092   0.17540   0.02718   0.23225   0.06801   0.22478   0.05843   0.03167   0.03665   0.06357   0.02294   0.07477   0.03661   0.06150   0.24156   2.63863   0.44216   0.24036  
 19  8.4598   1118.771942  x:  0.02549   0.09553   0.15435   0.02010   0.07139   0.08752   0.03058   0.10848   0.06090   0.21897   0.02574   0.24518   0.06629   0.20987   0.05894   0.03060   0.03943   0.05937   0.02245   0.08497   0.03578   0.05827   0.23221   2.31327   0.34244   0.21303  
 20 44.6969   1118.034024  x:  0.02432   0.09406   0.14833   0.02131   0.05710   0.08368   0.03187   0.10956   0.05059   0.20675   0.02125   0.24596   0.06629   0.21299   0.05711   0.02943   0.03755   0.06399   0.02092   0.09498   0.03498   0.06717   0.23060   2.06979   0.26994   0.19572  
 21 89.4575   1117.746302  x:  0.02371   0.09761   0.14468   0.02177   0.06088   0.08311   0.03142   0.10601   0.05382   0.19089   0.02848   0.24463   0.06589   0.21640   0.06078   0.02972   0.03818   0.06026   0.02136   0.08518   0.03513   0.05937   0.23331   1.97265   0.24016   0.18872  
 22 72.9438   1117.718831  x:  0.02385   0.09799   0.14404   0.02141   0.06372   0.08454   0.03103   0.10442   0.05572   0.18911   0.02487   0.24261   0.06628   0.21640   0.05813   0.02837   0.03792   0.06164   0.02174   0.08272   0.03548   0.06068   0.23466   1.96619   0.23695   0.18768  
 23  8.0745   1117.647922  x:  0.02375   0.09663   0.14440   0.02117   0.06062   0.08423   0.03097   0.10257   0.05983   0.19188   0.02255   0.23083   0.06637   0.21230   0.06168   0.02955   0.03677   0.06007   0.02172   0.08424   0.03545   0.06082   0.24464   1.97464   0.22585   0.18196  
 24  2.1478   1117.550859  x:  0.02390   0.09542   0.14481   0.02172   0.06356   0.08387   0.03122   0.10405   0.05325   0.19538   0.02686   0.22271   0.06652   0.20801   0.06028   0.02439   0.03957   0.06191   0.02116   0.08532   0.03483   0.06059   0.25199   1.99206   0.21024   0.17361  
 25 10.3953   1117.365904  x:  0.02384   0.09667   0.14594   0.02139   0.06106   0.08631   0.03080   0.10745   0.05497   0.19777   0.02850   0.23085   0.06634   0.20998   0.05290   0.03001   0.03755   0.06125   0.02137   0.08545   0.03536   0.06143   0.24667   2.03241   0.18111   0.15786  
 26 10.8242   1117.294372  x:  0.02382   0.09454   0.14533   0.02140   0.06170   0.08527   0.03104   0.10329   0.05481   0.19797   0.02372   0.23556   0.06598   0.21279   0.06038   0.02603   0.03858   0.06142   0.02118   0.08598   0.03503   0.06145   0.23945   2.04959   0.16996   0.15168  
 27 13.1576   1115.698682  x:  0.02313   0.08786   0.15906   0.02519   0.04899   0.09519   0.02976   0.09102   0.04959   0.13683   0.02960   0.22221   0.06833   0.21810   0.05787   0.02489   0.03980   0.05890   0.01951   0.07297   0.03265   0.06145   0.23524   2.39992   0.18612   0.16644  
 28  0.7474   1115.602118  x:  0.02320   0.08804   0.15878   0.02511   0.05190   0.09047   0.02912   0.10358   0.05227   0.13164   0.02643   0.22022   0.06832   0.21907   0.06082   0.02420   0.04007   0.05913   0.01963   0.07196   0.03269   0.06162   0.23440   2.42263   0.18715   0.16745  
 29 21.1969   1115.429023  x:  0.02422   0.08475   0.16708   0.02513   0.05216   0.09261   0.02908   0.10791   0.05264   0.14715   0.02870   0.21108   0.06763   0.22633   0.05817   0.02512   0.04057   0.05832   0.01981   0.07325   0.03234   0.06335   0.22783   2.49611   0.15935   0.12962  
 30  0.1310   1115.396697  x:  0.02452   0.08617   0.16987   0.02495   0.05235   0.09233   0.02957   0.10790   0.05124   0.14455   0.02753   0.21572   0.06778   0.21861   0.05802   0.02548   0.04058   0.05868   0.01993   0.07460   0.03220   0.06335   0.22928   2.55158   0.14777   0.11799  
 31  0.0617   1115.395537  x:  0.02446   0.08600   0.16931   0.02488   0.05230   0.09199   0.02950   0.10732   0.05163   0.14336   0.02735   0.21538   0.06767   0.21932   0.05838   0.02529   0.04053   0.05853   0.01996   0.07404   0.03229   0.06323   0.22966   2.55903   0.14700   0.11757  
 32  0.0076   1115.395456  x:  0.02445   0.08602   0.16917   0.02486   0.05234   0.09187   0.02950   0.10726   0.05161   0.14354   0.02725   0.21569   0.06759   0.21932   0.05849   0.02528   0.04052   0.05857   0.01995   0.07410   0.03230   0.06322   0.22963   2.56123   0.14775   0.11838  
 33  0.0034   1115.395402  x:  0.02443   0.08599   0.16904   0.02486   0.05225   0.09182   0.02950   0.10722   0.05147   0.14356   0.02732   0.21557   0.06742   0.21949   0.05844   0.02533   0.04050   0.05859   0.01993   0.07418   0.03228   0.06324   0.22959   2.56183   0.14741   0.11796  
 34  0.0006   1115.395332  x:  0.02444   0.08599   0.16902   0.02487   0.05230   0.09182   0.02948   0.10718   0.05148   0.14363   0.02740   0.21539   0.06709   0.21930   0.05837   0.02538   0.04049   0.05854   0.01994   0.07408   0.03227   0.06319   0.22956   2.56139   0.14735   0.11810  
 35  0.0003   1115.395313  x:  0.02444   0.08597   0.16907   0.02487   0.05230   0.09184   0.02949   0.10721   0.05153   0.14356   0.02737   0.21546   0.06699   0.21929   0.05842   0.02536   0.04051   0.05854   0.01994   0.07411   0.03228   0.06320   0.22947   2.56074   0.14748   0.11814  
 36  0.0006   1115.395312  x:  0.02444   0.08598   0.16909   0.02486   0.05229   0.09184   0.02950   0.10723   0.05152   0.14354   0.02737   0.21546   0.06698   0.21931   0.05843   0.02536   0.04052   0.05855   0.01994   0.07411   0.03228   0.06320   0.22952   2.56060   0.14751   0.11818  
 37  0.0002   1115.395312  x:  0.02444   0.08598   0.16910   0.02486   0.05230   0.09185   0.02950   0.10723   0.05152   0.14355   0.02737   0.21547   0.06697   0.21932   0.05844   0.02536   0.04052   0.05856   0.01994   0.07411   0.03228   0.06320   0.22953   2.56065   0.14750   0.11817  
 38  0.0001   1115.395312  x:  0.02444   0.08598   0.16910   0.02486   0.05230   0.09185   0.02950   0.10723   0.05152   0.14355   0.02737   0.21547   0.06697   0.21932   0.05844   0.02536   0.04052   0.05856   0.01994   0.07411   0.03228   0.06320   0.22953   2.56066   0.14750   0.11817  
 39  0.0000   1115.395312  x:  0.02444   0.08598   0.16910   0.02486   0.05230   0.09185   0.02950   0.10723   0.05152   0.14355   0.02737   0.21547   0.06697   0.21932   0.05844   0.02536   0.04052   0.05856   0.01994   0.07411   0.03228   0.06320   0.22953   2.56066   0.14750   0.11817  
 40  0.0000   1115.395312  x:  0.02444   0.08598   0.16910   0.02486   0.05230   0.09185   0.02950   0.10723   0.05152   0.14355   0.02737   0.21547   0.06697   0.21932   0.05844   0.02536   0.04052   0.05856   0.01994   0.07411   0.03228   0.06320   0.22953   2.56066   0.14750   0.11817  

NSsites Model 8: beta&w>1

TREE # 1

  0  0.0000   1124.343183  x:  0.06072   0.07343   0.08901   0.01690   0.06700   0.05409   0.02789   0.09184   0.04161   0.11984   0.04300   0.13651   0.00000   0.14373   0.05217   0.06790   0.01828   0.05113   0.05610   0.04222   0.06261   0.05599   0.15363   2.78596   0.90000   0.98931   1.59807   2.27199  
  1 99.0000   1115.902583  x:  0.03649   0.07127   0.11110   0.01671   0.05858   0.06450   0.02265   0.09219   0.04126   0.12508   0.04142   0.15294   0.12841   0.16356   0.05941   0.05466   0.01676   0.05078   0.02748   0.05841   0.04216   0.05867   0.16326   2.78523   0.87839   0.98833   1.59807   2.27336  
  2 302.1526   1112.997734  x:  0.01721   0.07319   0.12827   0.03564   0.04945   0.07909   0.02821   0.09469   0.04986   0.12480   0.03457   0.16553   0.12558   0.17264   0.05273   0.03863   0.03547   0.05226   0.00998   0.06372   0.02777   0.06164   0.17315   2.78456   0.85463   0.98747   1.59780   2.27490  
  3 104.7972   1111.627721  x:  0.01520   0.07713   0.14565   0.03487   0.04097   0.09077   0.02778   0.09729   0.05395   0.12457   0.02824   0.18056   0.12351   0.18441   0.04812   0.01985   0.04242   0.05298   0.02809   0.07047   0.01870   0.06164   0.18601   2.78377   0.82698   0.98617   1.59761   2.27696  
  4 107.3712   1110.011260  x:  0.02575   0.08283   0.16524   0.02601   0.03542   0.10223   0.02539   0.10069   0.05575   0.12545   0.02192   0.20017   0.11831   0.20078   0.04735   0.00000   0.04296   0.05381   0.02533   0.07596   0.03295   0.06068   0.20461   2.78274   0.79142   0.98405   1.59754   2.28001  
  5 129.1423   1108.887561  x:  0.02403   0.08535   0.17806   0.01559   0.04449   0.10730   0.02462   0.10468   0.05221   0.13165   0.02214   0.22181   0.10741   0.22241   0.06378   0.00691   0.03149   0.05495   0.02121   0.07356   0.02690   0.06224   0.23207   2.78172   0.75330   0.98001   1.59824   2.28486  
  6 69.0644   1108.525992  x:  0.02603   0.08592   0.17996   0.02736   0.05052   0.10440   0.02554   0.10681   0.05008   0.13754   0.02359   0.23132   0.10664   0.23252   0.07203   0.01189   0.03105   0.05666   0.02600   0.07212   0.03281   0.06354   0.24516   2.78121   0.73726   0.97683   1.59916   2.28819  
  7 55.5048   1108.408619  x:  0.02593   0.08616   0.17489   0.02449   0.05098   0.09739   0.02919   0.10898   0.05126   0.14334   0.02487   0.23450   0.10687   0.23627   0.07285   0.01239   0.03820   0.05931   0.02680   0.07232   0.03419   0.06603   0.25078   2.78093   0.73144   0.97302   1.60060   2.29176  
  8 18.5489   1108.337625  x:  0.02717   0.08692   0.16798   0.02560   0.05074   0.09102   0.02783   0.11075   0.05323   0.14909   0.02465   0.23594   0.10631   0.23852   0.07017   0.00886   0.03607   0.05976   0.02548   0.07403   0.03175   0.06589   0.25459   2.78067   0.72741   0.96751   1.60279   2.29678  
  9 14.4292   1108.297577  x:  0.02393   0.08643   0.16233   0.02515   0.05050   0.09314   0.02805   0.11074   0.05254   0.15147   0.02294   0.23557   0.10629   0.23973   0.06831   0.00815   0.03516   0.05722   0.02608   0.07430   0.03364   0.06461   0.25718   2.78041   0.72554   0.95902   1.60625   2.30437  
 10  8.1400   1108.219203  x:  0.02856   0.08600   0.15412   0.02558   0.04930   0.10072   0.02780   0.10927   0.05159   0.15297   0.02231   0.23417   0.10696   0.24155   0.06740   0.00834   0.03735   0.05588   0.02538   0.07269   0.03143   0.06380   0.26175   2.77981   0.72330   0.93585   1.61574   2.32501  
 11 16.8515   1108.045805  x:  0.02617   0.08464   0.14959   0.02562   0.04717   0.10598   0.02452   0.10685   0.05454   0.14913   0.03006   0.23149   0.10603   0.24324   0.07103   0.00304   0.03596   0.06386   0.02581   0.07199   0.03287   0.06545   0.26734   2.77857   0.72128   0.87707   1.63968   2.37753  
 12 27.1194   1107.872896  x:  0.02667   0.08533   0.15331   0.02598   0.04750   0.10276   0.02990   0.10787   0.05379   0.14514   0.02955   0.22955   0.10542   0.24424   0.07302   0.00000   0.03441   0.06100   0.02558   0.07282   0.03232   0.06598   0.26968   2.77776   0.72077   0.83137   1.65814   2.41887  
 13 51.5465   1107.773457  x:  0.02605   0.08587   0.15846   0.02554   0.04725   0.09787   0.02401   0.10856   0.05249   0.14345   0.02551   0.22907   0.10464   0.24465   0.07317   0.00000   0.03746   0.05761   0.02521   0.07276   0.03231   0.06543   0.27024   2.77737   0.72008   0.79878   1.67117   2.44919  
 14 55.6394   1107.733858  x:  0.02626   0.08522   0.16190   0.02522   0.04588   0.09703   0.02429   0.10810   0.05409   0.14651   0.02227   0.23168   0.10484   0.24298   0.06900   0.00000   0.03653   0.06131   0.02536   0.07215   0.03287   0.06214   0.26674   2.77767   0.71802   0.78986   1.67444   2.45994  
 15  9.7429   1107.716009  x:  0.02657   0.08543   0.16312   0.02507   0.04559   0.09757   0.02390   0.10775   0.05498   0.14921   0.02456   0.23476   0.10473   0.24065   0.06673   0.00000   0.03615   0.05960   0.02547   0.07328   0.03330   0.06385   0.26215   2.77825   0.71535   0.78720   1.67509   2.46601  
 16  5.9311   1107.707279  x:  0.02645   0.08639   0.16217   0.02513   0.04646   0.09781   0.02385   0.10861   0.05294   0.14946   0.02351   0.23615   0.10462   0.23911   0.06796   0.00000   0.03631   0.06057   0.02538   0.07373   0.03312   0.06438   0.25795   2.77918   0.71281   0.78640   1.67480   2.47236  
 17  3.2255   1107.699894  x:  0.02650   0.08591   0.16119   0.02516   0.04586   0.09742   0.02396   0.10884   0.05445   0.14882   0.02283   0.23717   0.10469   0.23815   0.07032   0.00000   0.03647   0.05970   0.02541   0.07245   0.03311   0.06327   0.25541   2.78059   0.71084   0.78734   1.67355   2.47964  
 18  3.6225   1107.670765  x:  0.02705   0.08224   0.16020   0.02513   0.04777   0.09673   0.02414   0.10611   0.05639   0.14512   0.01987   0.23927   0.10459   0.23672   0.07009   0.00000   0.03628   0.05976   0.02534   0.07378   0.03316   0.06596   0.25632   2.78847   0.70942   0.79871   1.66426   2.51363  
 19  3.8925   1107.528897  x:  0.02646   0.08555   0.16157   0.02587   0.04324   0.09504   0.02529   0.10465   0.05121   0.13758   0.02361   0.24738   0.10306   0.23292   0.06732   0.00000   0.03702   0.05933   0.02397   0.07453   0.03269   0.06219   0.26691   2.82891   0.71100   0.85837   1.61600   2.68514  
 20 27.0481   1107.372392  x:  0.02620   0.09216   0.16935   0.02528   0.04942   0.10137   0.02549   0.11375   0.05678   0.14502   0.02263   0.25008   0.10098   0.23627   0.06879   0.00000   0.03783   0.05927   0.02388   0.07277   0.03312   0.06362   0.27515   2.87465   0.72105   0.92190   1.56256   2.88222  
 21 67.5102   1107.323497  x:  0.02654   0.08889   0.17298   0.02550   0.04489   0.10273   0.02599   0.11369   0.05499   0.15135   0.02188   0.24794   0.09883   0.24221   0.07221   0.00000   0.03719   0.05931   0.02356   0.07460   0.03316   0.06577   0.27510   2.88837   0.72427   0.94081   1.54603   2.94170  
 22 38.6923   1107.309056  x:  0.02661   0.08750   0.17445   0.02531   0.04694   0.10250   0.02627   0.11119   0.05406   0.15279   0.02366   0.24584   0.09813   0.24705   0.07146   0.00000   0.03811   0.05899   0.02334   0.07455   0.03281   0.06373   0.27317   2.89224   0.72403   0.94533   1.54100   2.95977  
 23 11.3421   1107.303805  x:  0.02645   0.08894   0.17432   0.02539   0.04650   0.10226   0.02631   0.11074   0.05440   0.15184   0.02383   0.24405   0.09810   0.25067   0.07018   0.00000   0.03778   0.05908   0.02340   0.07339   0.03298   0.06482   0.27170   2.89337   0.72316   0.94741   1.53832   2.96504  
 24  3.5571   1107.301981  x:  0.02656   0.08900   0.17401   0.02542   0.04640   0.10246   0.02618   0.11179   0.05489   0.15102   0.02413   0.24330   0.09799   0.25201   0.06993   0.00000   0.03789   0.05917   0.02337   0.07465   0.03305   0.06445   0.27118   2.89349   0.72276   0.94808   1.53678   2.96597  
 25  1.4996   1107.297695  x:  0.02669   0.08715   0.17429   0.02546   0.04642   0.10259   0.02610   0.11392   0.05430   0.15053   0.02471   0.24284   0.09791   0.25214   0.06899   0.00000   0.03783   0.05919   0.02330   0.07353   0.03302   0.06473   0.27126   2.89204   0.72183   0.94490   1.53148   2.96687  
 26  0.5764   1107.109955  x:  0.02677   0.08998   0.18190   0.02612   0.04693   0.10804   0.02893   0.11268   0.05631   0.15292   0.02443   0.23544   0.08894   0.24572   0.07343   0.00000   0.04029   0.05952   0.02024   0.07607   0.03342   0.06611   0.28332   2.81993   0.69783   0.79174   1.28498   2.98797  
 27  4.4264   1107.004414  x:  0.02647   0.08976   0.18103   0.02675   0.04653   0.11179   0.03071   0.11303   0.05610   0.14911   0.02289   0.25777   0.08209   0.25713   0.07512   0.00000   0.04162   0.05922   0.01824   0.07611   0.03312   0.06670   0.28442   2.77962   0.70101   0.70080   1.14509   3.00069  
 28 27.8627   1106.837599  x:  0.02604   0.09008   0.18172   0.02788   0.04646   0.11313   0.03143   0.11319   0.05678   0.14945   0.02320   0.26030   0.07328   0.25780   0.07529   0.00000   0.04331   0.06001   0.01812   0.07596   0.03397   0.06695   0.28835   2.99005   0.70962   0.44401   0.64020   3.00474  
 29  0.5555   1106.788882  x:  0.02582   0.09012   0.18193   0.02804   0.04648   0.11280   0.03117   0.11321   0.05674   0.14963   0.02370   0.25960   0.07130   0.25760   0.07494   0.00000   0.04353   0.06008   0.01835   0.07569   0.03412   0.06694   0.28791   2.96849   0.71727   0.38804   0.48769   3.02609  
 30  1.3977   1106.619210  x:  0.02513   0.08992   0.18114   0.02792   0.04660   0.10813   0.02898   0.11289   0.05588   0.15104   0.02517   0.25127   0.06860   0.25302   0.07243   0.00000   0.04322   0.05986   0.02063   0.07424   0.03451   0.06608   0.28092   2.85276   0.74333   0.24193   0.27253   2.99269  
 31  0.5014   1106.617818  x:  0.02511   0.08992   0.18111   0.02791   0.04660   0.10800   0.02893   0.11289   0.05585   0.15107   0.02520   0.25106   0.06857   0.25291   0.07236   0.00166   0.04321   0.05985   0.02068   0.07420   0.03451   0.06606   0.28074   2.84991   0.74396   0.23997   0.26967   2.99244  
 32  1.5119   1106.529549  x:  0.02494   0.08968   0.18030   0.02745   0.04666   0.10439   0.02714   0.11271   0.05510   0.15175   0.02600   0.24521   0.06990   0.25081   0.07051   0.00159   0.04222   0.05947   0.02200   0.07335   0.03441   0.06542   0.27483   2.77545   0.76030   0.30018   0.35992   3.02560  
 33  1.4961   1106.487531  x:  0.02532   0.08924   0.17821   0.02708   0.04669   0.10348   0.02668   0.11244   0.05476   0.15084   0.02620   0.24303   0.06938   0.24984   0.07022   0.00249   0.04123   0.05904   0.02176   0.07306   0.03394   0.06536   0.27208   2.77701   0.77572   0.28531   0.29924   3.12448  
 34  0.2093   1106.420361  x:  0.02641   0.08823   0.17298   0.02622   0.04688   0.10375   0.02706   0.11166   0.05441   0.14766   0.02553   0.24156   0.06755   0.24738   0.07089   0.00123   0.03897   0.05816   0.02011   0.07308   0.03290   0.06567   0.26835   2.81671   0.79488   0.20763   0.19546   3.29127  
 35  0.2108   1106.411046  x:  0.02632   0.08823   0.17296   0.02613   0.04688   0.10410   0.02717   0.11161   0.05450   0.14747   0.02553   0.24207   0.06757   0.24741   0.07106   0.00122   0.03888   0.05822   0.02002   0.07311   0.03304   0.06579   0.26894   2.81393   0.79403   0.20906   0.20582   3.30979  
 36  0.0636   1106.394741  x:  0.02543   0.08845   0.17416   0.02595   0.04696   0.10480   0.02708   0.11165   0.05489   0.14772   0.02616   0.24368   0.06722   0.24777   0.07088   0.00281   0.03895   0.05871   0.02040   0.07290   0.03409   0.06618   0.27110   2.76799   0.79663   0.18242   0.16721   3.41055  
 37  0.1105   1106.389637  x:  0.02560   0.08870   0.17486   0.02630   0.04688   0.10441   0.02679   0.11200   0.05487   0.14839   0.02606   0.24446   0.06886   0.24886   0.07068   0.00201   0.03909   0.05868   0.02080   0.07296   0.03415   0.06622   0.27174   2.79228   0.79980   0.16719   0.14795   3.47305  
 38  0.0419   1106.388826  x:  0.02569   0.08877   0.17517   0.02646   0.04689   0.10457   0.02683   0.11213   0.05490   0.14843   0.02602   0.24466   0.06950   0.24927   0.07086   0.00177   0.03918   0.05869   0.02071   0.07314   0.03398   0.06631   0.27213   2.79102   0.79921   0.16902   0.15171   3.47187  
 39  0.0062   1106.388338  x:  0.02571   0.08883   0.17542   0.02658   0.04693   0.10484   0.02690   0.11225   0.05498   0.14837   0.02601   0.24488   0.07009   0.24964   0.07106   0.00170   0.03921   0.05873   0.02056   0.07334   0.03382   0.06647   0.27251   2.78521   0.79960   0.16571   0.14721   3.47568  
 40  0.0094   1106.388271  x:  0.02560   0.08884   0.17551   0.02655   0.04693   0.10491   0.02691   0.11225   0.05503   0.14847   0.02597   0.24501   0.07032   0.24975   0.07105   0.00170   0.03922   0.05876   0.02058   0.07332   0.03388   0.06650   0.27266   2.78694   0.79962   0.16704   0.14860   3.47189  
 41  0.0035   1106.388268  x:  0.02561   0.08885   0.17553   0.02654   0.04692   0.10491   0.02690   0.11226   0.05504   0.14848   0.02596   0.24501   0.07034   0.24975   0.07105   0.00166   0.03922   0.05875   0.02058   0.07332   0.03389   0.06650   0.27269   2.78691   0.79952   0.16708   0.14872   3.47032  
 42  0.0015   1106.388268  x:  0.02562   0.08885   0.17554   0.02654   0.04692   0.10491   0.02689   0.11226   0.05503   0.14848   0.02596   0.24501   0.07034   0.24976   0.07105   0.00166   0.03922   0.05875   0.02058   0.07333   0.03389   0.06650   0.27270   2.78688   0.79951   0.16721   0.14885   3.47031  
 43  0.0002   1106.388268  x:  0.02562   0.08885   0.17554   0.02654   0.04692   0.10491   0.02689   0.11226   0.05503   0.14848   0.02597   0.24501   0.07034   0.24976   0.07106   0.00166   0.03922   0.05875   0.02058   0.07333   0.03389   0.06650   0.27270   2.78690   0.79950   0.16719   0.14883   3.47035  
 44  0.0000   1106.388268  x:  0.02562   0.08885   0.17554   0.02654   0.04692   0.10491   0.02689   0.11226   0.05503   0.14848   0.02597   0.24501   0.07034   0.24976   0.07106   0.00166   0.03922   0.05875   0.02058   0.07333   0.03389   0.06650   0.27270   2.78690   0.79950   0.16719   0.14883   3.47036  
 45  0.0000   1106.388268  x:  0.02562   0.08885   0.17554   0.02654   0.04692   0.10491   0.02689   0.11226   0.05503   0.14848   0.02597   0.24501   0.07034   0.24976   0.07106   0.00166   0.03922   0.05875   0.02058   0.07333   0.03389   0.06650   0.27270   2.78690   0.79950   0.16719   0.14883   3.47036  
 46  0.0000   1106.388268  x:  0.02562   0.08885   0.17554   0.02654   0.04692   0.10491   0.02689   0.11226   0.05503   0.14848   0.02597   0.24501   0.07034   0.24976   0.07106   0.00166   0.03922   0.05875   0.02058   0.07333   0.03389   0.06650   0.27270   2.78690   0.79950   0.16719   0.14883   3.47036  